#	Temperatur 1 (째C)	Temperatur 2 (째C)	Temperatur 5 (째C)	Temperatur 6 (째C)
1	20.77	20.20	20.44	20.33
2	20.76	20.25	20.44	20.48
3	20.74	20.49	20.47	20.97
4	20.74	20.87	20.56	21.65
5	20.76	21.34	20.73	22.36
6	20.80	21.86	20.96	23.09
7	20.87	22.40	21.25	23.77
8	20.96	22.92	21.55	24.42
9	21.08	23.45	21.89	25.05
10	21.22	23.95	22.22	25.63
11	21.37	24.43	22.60	26.18
12	21.55	24.90	22.96	26.69
13	21.74	25.35	23.33	27.19
14	21.93	25.77	23.70	27.65
15	22.13	26.17	24.08	28.11
16	22.34	26.56	24.44	28.53
17	22.55	26.94	24.81	28.94
18	22.76	27.29	25.19	29.34
19	22.98	27.63	25.55	29.72
20	23.20	27.96	25.92	30.10
21	23.42	28.27	26.27	30.46
22	23.64	28.55	26.63	30.73
23	23.86	28.66	26.95	30.70
24	24.08	28.62	27.23	30.45
25	24.28	28.44	27.44	30.12
26	24.46	28.22	27.57	29.78
27	24.61	27.97	27.67	29.45
28	24.73	27.70	27.71	29.14
29	24.83	27.45	27.73	28.86
30	24.91	27.20	27.72	28.60
31	24.96	26.97	27.70	28.36
32	25.01	26.75	27.67	28.15
33	25.04	26.55	27.63	27.96
34	25.05	26.36	27.57	27.77
35	25.06	26.18	27.52	27.61
36	25.06	26.03	27.46	27.46
37	25.06	25.88	27.39	27.32
38	25.05	25.74	27.32	27.18
39	25.04	25.62	27.26	27.06
40	25.03	25.49	27.18	26.95
41	25.01	25.40	27.11	26.84
42	24.99	25.32	27.03	26.83
43	24.97	25.43	26.98	27.16
44	24.96	25.69	26.97	27.69
45	24.96	26.06	27.05	28.28
46	24.98	26.49	27.18	28.89
47	25.03	26.94	27.37	29.47
48	25.10	27.39	27.58	30.01
49	25.19	27.84	27.83	30.54
50	25.31	28.28	28.09	31.02
51	25.45	28.70	28.36	31.48
52	25.60	29.10	28.64	31.92
53	25.77	29.49	28.93	32.33
54	25.93	29.86	29.22	32.72
55	26.11	30.22	29.52	33.10
56	26.30	30.56	29.81	33.45
57	26.49	30.88	30.10	33.80
58	26.68	31.19	30.40	34.13
59	26.87	31.49	30.69	34.44
60	27.07	31.78	30.98	34.74
61	27.26	32.05	31.26	35.04
62	27.47	32.30	31.54	35.26
63	27.66	32.39	31.81	35.17
64	27.85	32.29	32.02	34.87
65	28.03	32.10	32.17	34.49
66	28.19	31.84	32.25	34.10
67	28.32	31.56	32.28	33.72
68	28.42	31.27	32.27	33.37
69	28.50	30.99	32.23	33.03
70	28.55	30.71	32.17	32.72
71	28.59	30.46	32.10	32.44
72	28.60	30.21	32.02	32.18
73	28.61	29.98	31.92	31.94
74	28.61	29.76	31.82	31.72
75	28.60	29.57	31.71	31.50
76	28.58	29.38	31.60	31.31
77	28.56	29.20	31.49	31.13
78	28.52	29.05	31.37	30.96
79	28.49	28.90	31.26	30.80
80	28.46	28.77	31.15	30.64
81	28.42	28.64	31.04	30.51
82	28.38	28.55	30.91	30.43
83	28.34	28.61	30.82	30.70
84	28.32	28.84	30.77	31.18
85	28.29	29.18	30.80	31.73
86	28.29	29.59	30.89	32.29
87	28.32	30.01	31.03	32.83
88	28.37	30.44	31.20	33.35
89	28.44	30.86	31.40	33.83
90	28.54	31.28	31.62	34.28
91	28.65	31.68	31.85	34.71
92	28.78	32.06	32.09	35.11
93	28.93	32.43	32.34	35.49
94	29.08	32.79	32.59	35.85
95	29.24	33.12	32.85	36.19
96	29.40	33.44	33.11	36.52
97	29.58	33.75	33.37	36.83
98	29.75	34.04	33.63	37.13
99	29.93	34.32	33.88	37.41
100	30.10	34.59	34.14	37.69
101	30.28	34.85	34.40	37.96
102	30.46	35.08	34.65	38.15
103	30.64	35.15	34.88	38.04
104	30.82	35.05	35.06	37.73
105	30.98	34.84	35.18	37.33
106	31.12	34.57	35.24	36.93
107	31.23	34.27	35.23	36.53
108	31.32	33.98	35.20	36.15
109	31.37	33.68	35.15	35.81
110	31.41	33.40	35.06	35.48
111	31.43	33.12	34.97	35.18
112	31.43	32.86	34.87	34.91
113	31.42	32.62	34.75	34.65
114	31.41	32.40	34.63	34.41
115	31.38	32.18	34.51	34.18
116	31.35	31.99	34.37	33.97
117	31.31	31.81	34.25	33.77
118	31.27	31.63	34.11	33.59
119	31.22	31.47	33.98	33.41
120	31.17	31.33	33.84	33.25
121	31.12	31.19	33.71	33.08
122	31.08	31.08	33.57	33.01
123	31.02	31.14	33.46	33.26
124	30.97	31.37	33.40	33.72
125	30.94	31.70	33.41	34.26
126	30.92	32.10	33.48	34.80
127	30.94	32.51	33.60	35.33
128	30.98	32.93	33.77	35.83
129	31.04	33.34	33.95	36.30
130	31.13	33.75	34.15	36.74
131	31.23	34.14	34.36	37.16
132	31.35	34.51	34.60	37.54
133	31.48	34.87	34.83	37.91
134	31.62	35.21	35.07	38.25
135	31.77	35.53	35.31	38.58
136	31.92	35.84	35.56	38.89
137	32.08	36.14	35.80	39.19
138	32.25	36.42	36.05	39.48
139	32.41	36.69	36.29	39.75
140	32.57	36.95	36.54	40.02
141	32.75	37.20	36.77	40.27
142	32.92	37.41	37.01	40.45
143	33.08	37.47	37.24	40.33
144	33.24	37.35	37.40	40.01
145	33.39	37.13	37.48	39.58
146	33.52	36.85	37.53	39.16
147	33.62	36.55	37.52	38.76
148	33.69	36.24	37.48	38.37
149	33.74	35.93	37.41	38.01
150	33.77	35.64	37.32	37.67
151	33.78	35.35	37.21	37.37
152	33.78	35.09	37.10	37.08
153	33.75	34.84	36.97	36.81
154	33.73	34.60	36.84	36.56
155	33.69	34.38	36.70	36.33
156	33.64	34.17	36.56	36.10
157	33.59	33.98	36.41	35.89
158	33.54	33.80	36.27	35.70
159	33.49	33.63	36.12	35.51
160	33.42	33.47	35.98	35.33
161	33.37	33.33	35.84	35.16
162	33.31	33.21	35.69	35.08
163	33.24	33.26	35.57	35.31
164	33.18	33.47	35.49	35.76
165	33.14	33.79	35.49	36.28
166	33.12	34.17	35.56	36.82
167	33.12	34.58	35.67	37.33
168	33.15	34.99	35.82	37.83
169	33.20	35.40	35.99	38.29
170	33.28	35.80	36.18	38.72
171	33.37	36.18	36.39	39.13
172	33.48	36.55	36.61	39.51
173	33.61	36.90	36.84	39.87
174	33.74	37.23	37.06	40.21
175	33.87	37.55	37.30	40.53
176	34.02	37.86	37.53	40.84
177	34.17	38.15	37.77	41.13
178	34.32	38.42	38.01	41.41
179	34.48	38.69	38.24	41.67
180	34.65	38.94	38.48	41.94
181	34.80	39.18	38.71	42.18
182	34.96	39.39	38.94	42.36
183	35.12	39.44	39.15	42.24
184	35.28	39.33	39.31	41.90
185	35.43	39.10	39.41	41.49
186	35.55	38.81	39.44	41.07
187	35.64	38.50	39.43	40.65
188	35.70	38.18	39.38	40.26
189	35.75	37.86	39.30	39.89
190	35.77	37.56	39.20	39.55
191	35.76	37.26	39.08	39.22
192	35.75	36.99	38.94	38.92
193	35.72	36.74	38.82	38.65
194	35.69	36.49	38.69	38.39
195	35.64	36.26	38.54	38.14
196	35.60	36.05	38.39	37.92
197	35.54	35.85	38.24	37.71
198	35.47	35.66	38.09	37.50
199	35.41	35.49	37.94	37.30
200	35.34	35.32	37.79	37.12
201	35.27	35.17	37.63	36.94
202	35.20	35.04	37.49	36.84
203	35.14	35.07	37.35	37.06
204	35.07	35.28	37.28	37.51
205	35.01	35.59	37.26	38.02
206	34.98	35.96	37.32	38.55
207	34.98	36.36	37.42	39.06
208	35.00	36.77	37.56	39.55
209	35.04	37.17	37.73	40.01
210	35.11	37.56	37.92	40.43
211	35.20	37.94	38.11	40.83
212	35.30	38.30	38.33	41.20
213	35.42	38.64	38.54	41.56
214	35.55	38.97	38.77	41.89
215	35.68	39.28	38.99	42.20
216	35.81	39.59	39.22	42.51
217	35.95	39.86	39.45	42.79
218	36.11	40.14	39.68	43.07
219	36.26	40.40	39.91	43.33
220	36.41	40.64	40.14	43.57
221	36.56	40.88	40.37	43.81
222	36.72	41.09	40.59	43.99
223	36.86	41.12	40.78	43.85
224	37.01	41.00	40.92	43.51
225	37.15	40.78	41.02	43.09
226	37.27	40.49	41.05	42.67
227	37.36	40.18	41.04	42.24
228	37.42	39.85	40.98	41.85
229	37.46	39.53	40.90	41.47
230	37.47	39.22	40.80	41.12
231	37.46	38.92	40.68	40.80
232	37.44	38.64	40.54	40.50
233	37.41	38.37	40.41	40.21
234	37.37	38.12	40.26	39.96
235	37.32	37.89	40.11	39.71
236	37.26	37.67	39.96	39.47
237	37.20	37.46	39.81	39.25
238	37.13	37.26	39.64	39.04
239	37.06	37.09	39.49	38.84
240	36.99	36.92	39.33	38.65
241	36.91	36.76	39.17	38.47
242	36.84	36.63	39.02	38.37
243	36.75	36.66	38.86	38.58
244	36.68	36.86	38.77	39.00
245	36.63	37.17	38.76	39.52
246	36.59	37.54	38.82	40.04
247	36.58	37.94	38.91	40.54
248	36.60	38.33	39.05	41.02
249	36.64	38.72	39.21	41.47
250	36.70	39.11	39.40	41.88
251	36.79	39.48	39.58	42.28
252	36.88	39.83	39.79	42.64
253	36.99	40.17	40.00	42.98
254	37.11	40.49	40.21	43.31
255	37.24	40.80	40.43	43.61
256	37.37	41.09	40.65	43.90
257	37.51	41.36	40.87	44.18
258	37.65	41.63	41.10	44.44
259	37.79	41.88	41.32	44.69
260	37.94	42.11	41.54	44.94
261	38.08	42.34	41.76	45.17
262	38.24	42.54	41.97	45.33
263	38.38	42.57	42.16	45.18
264	38.51	42.42	42.29	44.81
265	38.65	42.18	42.37	44.39
266	38.76	41.89	42.40	43.96
267	38.84	41.57	42.38	43.54
268	38.89	41.24	42.31	43.14
269	38.92	40.92	42.23	42.77
270	38.93	40.61	42.12	42.42
271	38.92	40.30	41.99	42.09
272	38.89	40.01	41.86	41.79
273	38.85	39.75	41.72	41.50
274	38.80	39.49	41.56	41.23
275	38.74	39.25	41.41	40.98
276	38.68	39.03	41.25	40.74
277	38.61	38.81	41.09	40.52
278	38.54	38.62	40.93	40.30
279	38.46	38.43	40.76	40.09
280	38.38	38.26	40.60	39.90
281	38.30	38.09	40.44	39.71
282	38.22	37.95	40.28	39.61
283	38.14	37.98	40.14	39.82
284	38.05	38.16	40.03	40.22
285	38.00	38.47	40.01	40.72
286	37.94	38.83	40.05	41.24
287	37.93	39.22	40.15	41.74
288	37.95	39.61	40.28	42.21
289	37.98	40.00	40.43	42.65
290	38.04	40.38	40.61	43.06
291	38.12	40.74	40.80	43.45
292	38.21	41.08	41.00	43.81
293	38.31	41.42	41.20	44.14
294	38.42	41.73	41.41	44.47
295	38.54	42.03	41.62	44.77
296	38.67	42.32	41.84	45.06
297	38.80	42.59	42.05	45.33
298	38.93	42.83	42.24	45.56
299	39.07	43.08	42.46	45.81
300	39.22	43.32	42.69	46.05
301	39.36	43.55	42.90	46.29
302	39.50	43.74	43.12	46.45
303	39.64	43.77	43.31	46.30
304	39.77	43.62	43.43	45.95
305	39.90	43.39	43.51	45.52
306	40.01	43.09	43.54	45.09
307	40.08	42.77	43.51	44.67
308	40.13	42.44	43.45	44.27
309	40.16	42.11	43.36	43.89
310	40.16	41.79	43.25	43.54
311	40.14	41.48	43.11	43.21
312	40.11	41.20	42.97	42.91
313	40.07	40.93	42.83	42.62
314	40.01	40.67	42.68	42.35
315	39.95	40.42	42.52	42.09
316	39.88	40.20	42.36	41.86
317	39.81	39.98	42.20	41.63
318	39.73	39.78	42.03	41.41
319	39.65	39.60	41.87	41.21
320	39.57	39.42	41.71	41.01
321	39.49	39.25	41.54	40.82
322	39.40	39.11	41.38	40.71
323	39.31	39.13	41.22	40.92
324	39.24	39.32	41.13	41.34
325	39.17	39.62	41.11	41.83
326	39.12	39.98	41.15	42.34
327	39.10	40.36	41.24	42.84
328	39.11	40.75	41.37	43.31
329	39.14	41.15	41.52	43.74
330	39.19	41.51	41.69	44.17
331	39.27	41.88	41.88	44.54
332	39.36	42.23	42.07	44.90
333	39.46	42.55	42.28	45.24
334	39.57	42.86	42.49	45.56
335	39.68	43.16	42.70	45.86
336	39.81	43.45	42.92	46.15
337	39.94	43.72	43.13	46.43
338	40.07	43.97	43.34	46.68
339	40.21	44.22	43.56	46.93
340	40.34	44.45	43.77	47.17
341	40.49	44.67	43.99	47.39
342	40.62	44.87	44.20	47.56
343	40.76	44.91	44.38	47.45
344	40.90	44.78	44.54	47.11
345	41.01	44.53	44.59	46.66
346	41.12	44.23	44.62	46.22
347	41.19	43.90	44.59	45.80
348	41.24	43.57	44.53	45.39
349	41.26	43.24	44.43	45.01
350	41.26	42.92	44.32	44.65
351	41.25	42.61	44.20	44.32
352	41.21	42.31	44.06	44.00
353	41.17	42.04	43.91	43.71
354	41.11	41.77	43.75	43.44
355	41.05	41.53	43.59	43.18
356	40.98	41.30	43.43	42.94
357	40.90	41.08	43.27	42.71
358	40.82	40.87	43.09	42.49
359	40.73	40.68	42.93	42.28
360	40.65	40.49	42.77	42.08
361	40.57	40.33	42.60	41.89
362	40.48	40.18	42.43	41.77
363	40.39	40.20	42.28	41.96
364	40.30	40.38	42.18	42.37
365	40.24	40.68	42.15	42.87
366	40.19	41.04	42.19	43.37
367	40.17	41.42	42.27	43.86
368	40.17	41.81	42.40	44.33
369	40.20	42.19	42.55	44.77
370	40.25	42.56	42.72	45.18
371	40.32	42.92	42.90	45.56
372	40.41	43.26	43.09	45.92
373	40.50	43.59	43.30	46.25
374	40.61	43.90	43.50	46.57
375	40.72	44.20	43.71	46.87
376	40.84	44.48	43.92	47.15
377	40.97	44.75	44.14	47.42
378	41.10	45.00	44.35	47.68
379	41.24	45.24	44.56	47.92
380	41.37	45.46	44.77	48.15
381	41.51	45.68	44.98	48.38
382	41.64	45.87	45.19	48.53
383	41.78	45.90	45.38	48.40
384	41.92	45.76	45.52	48.06
385	42.04	45.52	45.60	47.64
386	42.13	45.21	45.61	47.20
387	42.20	44.88	45.57	46.76
388	42.25	44.54	45.50	46.35
389	42.26	44.22	45.40	45.97
390	42.26	43.89	45.29	45.61
391	42.24	43.58	45.15	45.27
392	42.20	43.29	45.01	44.96
393	42.16	43.00	44.86	44.66
394	42.10	42.74	44.69	44.39
395	42.03	42.50	44.53	44.13
396	41.96	42.26	44.37	43.88
397	41.88	42.04	44.20	43.65
398	41.80	41.84	44.03	43.43
399	41.71	41.64	43.86	43.22
400	41.62	41.46	43.70	43.02
