#	Temperatur 7 (°C)	Temperatur 8 (°C)
1	27.19	25.55
2	27.18	25.56
3	27.22	25.58
4	27.33	25.59
5	27.51	25.60
6	27.75	25.61
7	28.04	25.62
8	28.35	25.64
9	28.70	25.65
10	29.06	25.66
11	29.43	25.67
12	29.81	25.69
13	30.19	25.70
14	30.58	25.71
15	30.95	25.73
16	31.33	25.74
17	31.70	25.76
18	32.06	25.78
19	32.42	25.81
20	32.76	25.83
21	33.10	25.86
22	33.43	25.88
23	33.75	25.92
24	34.06	25.95
25	34.36	25.98
26	34.66	26.02
27	34.94	26.06
28	35.22	26.10
29	35.49	26.15
30	35.75	26.19
31	36.00	26.24
32	36.25	26.29
33	36.48	26.34
34	36.72	26.39
35	36.94	26.45
36	37.17	26.51
37	37.39	26.57
38	37.60	26.63
39	37.80	26.69
40	38.00	26.75
41	38.19	26.81
42	38.38	26.88
43	38.57	26.95
44	38.75	27.01
45	38.93	27.08
46	39.10	27.15
47	39.27	27.22
48	39.44	27.29
49	39.60	27.36
50	39.73	27.43
51	39.80	27.50
52	39.78	27.57
53	39.68	27.64
54	39.51	27.71
55	39.27	27.79
56	38.99	27.86
57	38.68	27.93
58	38.34	28.00
59	37.99	28.07
60	37.62	28.13
61	37.24	28.20
62	36.87	28.26
63	36.50	28.32
64	36.13	28.39
65	35.77	28.45
66	35.41	28.50
67	35.05	28.56
68	34.71	28.60
69	34.39	28.65
70	34.08	28.69
71	33.76	28.72
72	33.47	28.76
73	33.18	28.80
74	32.92	28.83
75	32.66	28.87
76	32.41	28.89
77	32.17	28.90
78	31.94	28.92
79	31.72	28.94
80	31.51	28.94
81	31.30	28.96
82	31.11	28.97
83	30.93	28.97
84	30.75	28.98
85	30.58	28.98
86	30.43	28.98
87	30.27	28.97
88	30.13	28.98
89	29.99	28.97
90	29.85	28.96
91	29.73	28.95
92	29.61	28.93
93	29.49	28.92
94	29.38	28.90
95	29.28	28.89
96	29.17	28.88
97	29.08	28.86
98	28.99	28.84
99	28.91	28.82
100	28.84	28.80
101	28.84	28.78
102	28.94	28.76
103	29.14	28.74
104	29.42	28.72
105	29.79	28.70
106	30.20	28.68
107	30.65	28.66
108	31.15	28.65
109	31.66	28.63
110	32.17	28.61
111	32.70	28.59
112	33.23	28.58
113	33.75	28.57
114	34.27	28.57
115	34.78	28.56
116	35.29	28.55
117	35.77	28.55
118	36.25	28.55
119	36.71	28.56
120	37.16	28.58
121	37.60	28.60
122	38.02	28.61
123	38.43	28.63
124	38.82	28.66
125	39.21	28.68
126	39.57	28.72
127	39.93	28.76
128	40.27	28.79
129	40.61	28.83
130	40.92	28.88
131	41.23	28.93
132	41.54	28.98
133	41.82	29.03
134	42.10	29.09
135	42.37	29.15
136	42.64	29.22
137	42.89	29.28
138	43.13	29.35
139	43.37	29.41
140	43.60	29.49
141	43.82	29.56
142	44.03	29.63
143	44.24	29.71
144	44.44	29.78
145	44.64	29.86
146	44.83	29.94
147	45.02	30.02
148	45.20	30.10
149	45.37	30.18
150	45.51	30.26
151	45.60	30.34
152	45.59	30.42
153	45.50	30.51
154	45.33	30.59
155	45.11	30.68
156	44.84	30.76
157	44.53	30.84
158	44.19	30.92
159	43.84	31.00
160	43.48	31.08
161	43.11	31.16
162	42.74	31.23
163	42.36	31.30
164	42.00	31.37
165	41.64	31.45
166	41.28	31.51
167	40.93	31.57
168	40.59	31.64
169	40.26	31.69
170	39.95	31.75
171	39.64	31.80
172	39.34	31.84
173	39.06	31.89
174	38.78	31.93
175	38.51	31.97
176	38.26	32.00
177	38.01	32.03
178	37.78	32.06
179	37.56	32.09
180	37.34	32.10
181	37.14	32.13
182	36.94	32.14
183	36.75	32.16
184	36.57	32.17
185	36.39	32.17
186	36.22	32.18
187	36.06	32.18
188	35.90	32.18
189	35.75	32.19
190	35.60	32.18
191	35.48	32.18
192	35.34	32.17
193	35.22	32.17
194	35.10	32.16
195	34.98	32.16
196	34.87	32.15
197	34.76	32.14
198	34.66	32.12
199	34.57	32.11
200	34.49	32.09
201	34.50	32.08
202	34.60	32.07
203	34.81	32.05
204	35.09	32.03
205	35.45	32.02
206	35.86	32.00
207	36.30	31.99
208	36.77	31.98
209	37.26	31.96
210	37.73	31.93
211	38.23	31.92
212	38.74	31.92
213	39.24	31.91
214	39.73	31.92
215	40.21	31.91
216	40.69	31.91
217	41.14	31.92
218	41.60	31.92
219	42.03	31.93
220	42.45	31.95
221	42.85	31.97
222	43.24	31.99
223	43.63	32.01
224	44.00	32.04
225	44.36	32.07
226	44.69	32.11
227	45.02	32.14
228	45.34	32.19
229	45.64	32.23
230	45.94	32.28
231	46.22	32.33
232	46.50	32.38
233	46.76	32.43
234	47.01	32.50
235	47.25	32.57
236	47.49	32.62
237	47.72	32.68
238	47.94	32.75
239	48.16	32.81
240	48.37	32.88
241	48.57	32.95
242	48.76	33.04
243	48.95	33.10
244	49.13	33.18
245	49.26	33.24
246	49.43	33.31
247	49.61	33.39
248	49.78	33.48
249	49.95	33.56
250	50.09	33.64
251	50.17	33.73
252	50.17	33.81
253	50.08	33.89
254	49.91	33.97
255	49.68	34.05
256	49.40	34.13
257	49.09	34.21
258	48.75	34.29
259	48.39	34.37
260	48.01	34.44
261	47.63	34.53
262	47.24	34.60
263	46.85	34.67
264	46.47	34.74
265	46.09	34.80
266	45.72	34.87
267	45.36	34.93
268	45.01	34.99
269	44.66	35.04
270	44.33	35.09
271	44.00	35.14
272	43.68	35.18
273	43.38	35.21
274	43.08	35.25
275	42.80	35.28
276	42.53	35.31
277	42.27	35.34
278	42.02	35.37
279	41.79	35.39
280	41.56	35.41
281	41.33	35.43
282	41.12	35.44
283	40.92	35.45
284	40.72	35.46
285	40.53	35.47
286	40.35	35.47
287	40.18	35.47
288	40.01	35.47
289	39.85	35.46
290	39.69	35.46
291	39.55	35.45
292	39.39	35.43
293	39.24	35.41
294	39.11	35.41
295	38.99	35.40
296	38.87	35.38
297	38.75	35.38
298	38.64	35.36
299	38.53	35.34
300	38.44	35.32
301	38.42	35.30
302	38.49	35.28
303	38.67	35.26
304	38.94	35.24
305	39.27	35.22
306	39.66	35.20
307	40.10	35.18
308	40.56	35.16
309	41.05	35.14
310	41.55	35.13
311	42.05	35.11
312	42.55	35.10
313	43.06	35.09
314	43.55	35.08
315	44.03	35.07
316	44.52	35.07
317	44.99	35.07
318	45.44	35.07
319	45.89	35.08
320	46.32	35.09
321	46.75	35.10
322	47.15	35.13
323	47.54	35.15
324	47.92	35.17
325	48.28	35.20
326	48.64	35.23
327	48.98	35.27
328	49.30	35.30
329	49.62	35.35
330	49.91	35.39
331	50.21	35.44
332	50.49	35.49
333	50.77	35.54
334	51.03	35.60
335	51.28	35.66
336	51.53	35.71
337	51.77	35.78
338	51.99	35.84
339	52.21	35.91
340	52.42	35.98
341	52.63	36.05
342	52.83	36.12
343	53.02	36.19
344	53.21	36.26
345	53.39	36.34
346	53.57	36.41
347	53.73	36.49
348	53.89	36.56
349	54.06	36.64
350	54.19	36.72
351	54.26	36.80
352	54.25	36.88
353	54.14	36.96
354	53.94	37.04
355	53.70	37.13
356	53.40	37.20
357	53.07	37.27
358	52.71	37.34
359	52.32	37.42
360	51.94	37.50
361	51.53	37.57
362	51.14	37.64
363	50.73	37.72
364	50.34	37.78
365	49.94	37.85
366	49.56	37.91
367	49.19	37.97
368	48.82	38.03
369	48.46	38.09
370	48.12	38.14
371	47.79	38.19
372	47.47	38.23
373	47.15	38.27
374	46.84	38.29
375	46.55	38.32
376	46.27	38.35
377	45.99	38.37
378	45.74	38.39
379	45.48	38.41
380	45.24	38.42
381	45.01	38.44
382	44.79	38.45
383	44.56	38.44
384	44.35	38.44
385	44.14	38.44
386	43.95	38.45
387	43.78	38.45
388	43.60	38.44
389	43.43	38.45
390	43.27	38.43
391	43.11	38.42
392	42.96	38.41
393	42.81	38.40
394	42.67	38.37
395	42.51	38.34
396	42.35	38.31
397	42.24	38.30
398	42.12	38.28
399	42.01	38.26
400	41.91	38.24
401	41.85	38.22
402	41.87	38.21
403	41.97	38.18
404	42.16	38.16
405	42.43	38.13
406	42.76	38.11
407	43.16	38.09
408	43.59	38.07
409	44.06	38.05
410	44.53	38.03
411	45.02	38.01
412	45.52	37.99
413	46.00	37.98
414	46.49	37.96
415	46.98	37.95
416	47.45	37.94
417	47.91	37.94
418	48.36	37.93
419	48.80	37.94
420	49.23	37.94
421	49.64	37.94
422	50.04	37.96
423	50.43	37.98
424	50.80	37.99
425	51.16	38.01
426	51.51	38.03
427	51.85	38.06
428	52.17	38.09
429	52.48	38.13
430	52.78	38.17
431	53.07	38.21
432	53.35	38.25
433	53.62	38.30
434	53.87	38.35
435	54.13	38.40
436	54.37	38.46
437	54.60	38.51
438	54.82	38.57
439	55.04	38.63
440	55.25	38.70
441	55.45	38.76
442	55.64	38.82
443	55.83	38.89
444	56.01	38.96
445	56.19	39.03
446	56.36	39.10
447	56.53	39.17
448	56.69	39.25
449	56.84	39.32
450	56.96	39.39
451	57.00	39.46
452	56.95	39.54
453	56.82	39.61
454	56.61	39.69
455	56.35	39.76
456	56.05	39.84
457	55.70	39.91
458	55.33	39.98
459	54.95	40.05
460	54.54	40.12
461	54.11	40.16
462	53.71	40.23
463	53.31	40.30
464	52.91	40.36
465	52.51	40.43
466	52.13	40.49
467	51.75	40.54
468	51.36	40.58
469	51.00	40.62
470	50.64	40.66
471	50.30	40.71
472	49.98	40.74
473	49.65	40.78
474	49.35	40.81
475	49.05	40.84
476	48.77	40.86
477	48.50	40.88
478	48.23	40.90
479	47.97	40.91
480	47.72	40.92
481	47.49	40.93
482	47.26	40.94
483	47.04	40.93
484	46.83	40.94
485	46.63	40.93
486	46.43	40.93
487	46.24	40.92
488	46.06	40.91
489	45.88	40.90
490	45.71	40.89
491	45.55	40.87
492	45.39	40.85
493	45.23	40.83
494	45.09	40.82
495	44.95	40.79
496	44.81	40.77
497	44.68	40.75
498	44.55	40.72
499	44.42	40.69
500	44.31	40.66
501	44.26	40.63
502	44.29	40.61
503	44.42	40.57
504	44.64	40.55
505	44.93	40.52
506	45.28	40.49
507	45.69	40.46
508	46.12	40.43
509	46.57	40.41
510	47.04	40.38
511	47.51	40.35
512	47.99	40.33
513	48.46	40.31
514	48.94	40.30
515	49.40	40.27
516	49.87	40.27
517	50.31	40.26
518	50.75	40.25
519	51.18	40.25
520	51.59	40.25
521	51.99	40.25
522	52.38	40.25
523	52.75	40.27
524	53.11	40.29
525	53.46	40.30
526	53.80	40.32
527	54.12	40.35
528	54.43	40.37
529	54.72	40.40
530	55.02	40.43
531	55.30	40.47
532	55.56	40.51
533	55.82	40.55
534	56.06	40.60
535	56.31	40.64
536	56.53	40.69
537	56.75	40.74
538	56.97	40.80
539	57.18	40.85
540	57.38	40.91
541	57.57	40.98
542	57.75	41.04
543	57.93	41.10
544	58.10	41.16
545	58.27	41.22
546	58.43	41.29
547	58.57	41.35
548	58.72	41.42
549	58.87	41.48
550	58.99	41.55
551	59.05	41.63
552	59.01	41.69
553	58.89	41.76
554	58.70	41.83
555	58.45	41.91
556	58.14	41.98
557	57.80	42.04
558	57.44	42.11
559	57.05	42.19
560	56.65	42.25
561	56.24	42.31
562	55.84	42.38
563	55.43	42.44
564	55.02	42.49
565	54.62	42.55
566	54.22	42.60
567	53.84	42.65
568	53.47	42.69
569	53.10	42.74
570	52.74	42.78
571	52.40	42.81
572	52.06	42.83
573	51.73	42.87
574	51.42	42.90
575	51.12	42.92
576	50.84	42.94
577	50.56	42.96
578	50.28	42.97
579	50.03	42.98
580	49.78	42.99
581	49.53	42.99
582	49.30	42.99
583	49.08	42.98
584	48.86	42.98
585	48.65	42.97
586	48.45	42.97
587	48.26	42.96
588	48.07	42.94
589	47.89	42.92
590	47.71	42.91
591	47.54	42.89
592	47.39	42.86
593	47.23	42.84
594	47.07	42.81
595	46.93	42.79
596	46.79	42.77
597	46.65	42.73
