#t1,t2,t3,t4
1	22.81	22.50	22.49	22.73
2	22.72	22.35	22.26	22.64
3	22.65	23.21	23.02	22.57
4	22.74	24.28	24.01	22.64
5	22.96	25.29	24.99	22.84
6	23.27	26.19	25.88	23.15
7	23.63	26.98	26.67	23.50
8	24.02	27.69	27.37	23.87
9	24.41	28.31	27.98	24.27
10	24.82	28.86	28.53	24.65
11	25.21	29.35	29.01	25.04
12	25.60	29.80	29.45	25.40
13	25.98	30.21	29.84	25.77
14	26.36	30.59	30.21	26.12
15	26.72	30.95	30.53	26.47
16	27.08	31.27	30.83	26.80
17	27.42	31.59	31.12	27.12
18	27.75	31.88	31.39	27.42
19	28.08	32.16	31.64	27.72
20	28.40	32.43	31.87	28.01
21	28.70	32.67	32.10	28.27
22	28.99	32.92	32.31	28.54
23	29.28	33.16	32.52	28.81
24	29.56	33.39	32.71	29.05
25	29.83	33.61	32.90	29.29
26	30.09	33.82	33.09	29.52
27	30.35	34.03	33.27	29.74
28	30.60	34.23	33.44	29.96
29	30.84	34.43	33.61	30.18
30	31.08	34.62	33.77	30.38
31	31.31	34.80	33.92	30.57
32	31.53	34.99	34.08	30.77
33	31.75	35.16	34.23	30.95
34	31.97	35.34	34.38	31.14
35	32.17	35.51	34.52	31.30
36	32.37	35.68	34.66	31.48
37	32.57	35.84	34.80	31.65
38	32.77	36.00	34.94	31.81
39	32.96	36.17	35.08	31.97
40	33.14	36.32	35.22	32.13
41	33.32	36.48	35.34	32.28
42	33.50	36.62	35.48	32.43
43	33.68	36.77	35.60	32.58
44	33.85	36.91	35.72	32.73
45	34.01	37.06	35.84	32.87
46	34.18	37.19	35.97	33.01
47	34.34	37.33	36.09	33.14
48	34.50	37.47	36.20	33.28
49	34.65	37.60	36.32	33.41
50	34.80	37.72	36.43	33.53
51	34.95	37.86	36.55	33.66
52	35.10	37.99	36.66	33.79
53	35.24	38.12	36.77	33.91
54	35.38	38.24	36.88	34.03
55	35.53	38.37	36.99	34.14
56	35.66	38.49	37.10	34.26
57	35.80	38.61	37.20	34.37
58	35.93	38.73	37.31	34.49
59	36.06	38.85	37.40	34.60
60	36.19	38.96	37.51	34.71
61	36.31	39.07	37.61	34.82
62	36.44	39.18	37.70	34.93
63	36.56	39.29	37.80	35.03
64	36.68	39.40	37.90	35.14
65	36.81	39.51	37.99	35.24
66	36.92	39.62	38.09	35.35
67	37.04	39.72	38.18	35.45
68	37.15	39.82	38.28	35.54
69	37.26	39.92	38.36	35.64
70	37.37	40.03	38.46	35.74
71	37.48	40.13	38.55	35.83
72	37.59	40.23	38.64	35.92
73	37.70	40.32	38.73	36.02
74	37.81	40.42	38.82	36.11
75	37.90	40.52	38.90	36.19
76	38.01	40.62	38.99	36.29
77	38.11	40.71	39.09	36.38
78	38.21	40.81	39.17	36.47
79	38.31	40.90	39.26	36.56
80	38.41	41.00	39.34	36.65
81	38.51	41.09	39.43	36.73
82	38.61	41.18	39.51	36.82
83	38.70	41.28	39.59	36.91
84	38.80	41.36	39.68	36.99
85	38.89	41.45	39.75	37.07
86	38.98	41.54	39.84	37.16
87	39.08	41.62	39.92	37.23
88	39.17	41.71	40.00	37.32
89	39.26	41.80	40.07	37.39
90	39.35	41.88	40.15	37.48
91	39.43	41.96	40.23	37.56
92	39.52	42.04	40.30	37.63
93	39.60	42.13	40.38	37.71
94	39.69	42.21	40.45	37.79
95	39.77	42.29	40.53	37.86
96	39.85	42.36	40.59	37.93
97	39.94	42.45	40.67	38.01
98	40.02	42.53	40.74	38.09
99	40.10	42.60	40.82	38.15
100	40.18	42.68	40.89	38.23
101	40.26	42.76	40.96	38.30
102	40.34	42.83	41.03	38.37
103	40.42	42.90	41.09	38.43
104	40.49	42.98	41.17	38.51
105	40.57	43.05	41.24	38.58
106	40.65	43.13	41.30	38.65
107	40.73	43.20	41.37	38.72
108	40.80	43.27	41.44	38.79
109	40.87	43.35	41.51	38.85
110	40.94	43.42	41.58	38.92
111	41.02	43.48	41.64	38.98
112	41.09	43.56	41.70	39.05
113	41.16	43.62	41.76	39.11
114	41.23	43.69	41.83	39.18
115	41.30	43.76	41.89	39.25
116	41.37	43.83	41.95	39.31
117	41.44	43.89	42.01	39.38
118	41.51	43.96	42.07	39.43
119	41.58	44.03	42.14	39.50
120	41.64	44.09	42.20	39.56
121	41.71	44.15	42.26	39.62
122	41.78	44.22	42.32	39.68
123	41.84	44.28	42.38	39.74
124	41.90	44.34	42.44	39.80
125	41.97	44.40	42.49	39.86
126	42.03	44.46	42.55	39.92
127	42.09	44.52	42.61	39.98
128	42.15	44.58	42.67	40.04
129	42.22	44.64	42.72	40.09
130	42.28	44.71	42.77	40.14
131	42.34	44.76	42.83	40.21
132	42.40	44.82	42.89	40.26
133	42.46	44.88	42.94	40.32
134	42.51	44.93	42.99	40.37
135	42.56	44.99	43.05	40.42
136	42.63	45.05	43.10	40.48
137	42.69	45.10	43.16	40.53
138	42.74	45.16	43.21	40.58
139	42.80	45.21	43.26	40.64
140	42.85	45.26	43.31	40.69
141	42.91	45.32	43.36	40.74
